0.0
0.06002395835563764
0.11983146271757329
0.17920683965261233
0.23793597403377498
0.2958070811665539
0.35261147051133784
0.4081442982479204
0.46220530596825166
0.5145995428336135
0.5651380685920271
0.6136386349207242
0.6599263426366746
0.7038342724051841
0.7452040866721503
0.78388660064933
0.8197423202935751
0.8526419453400135
0.8824668355751754
0.9091094386686253
0.9324736780202824
0.9524752992248057
0.9690421739036469
0.9821145598091165
0.9916453162624927
0.9976000741492778
0.9999573598585764
0.9987086727196554
0.993858515656439
0.985424378949395
0.9734366771633683
0.9579386394688101
0.9389861537519146
0.9166475650758267
0.8910034292196894
0.8621462221843063
0.8301800067119719
0.7952200570230491
0.7573924431225341
0.7168335761756565
0.6736897165919457
0.628116446591676
0.5802781091566808
0.5303472153887524
0.47850382241276673
0.4249348840678928
0.36983357672837813
0.3133986026850842
0.255833473599867
0.19734577661675742
0.1381464257764359
0.07844890143349738
0.018468480419262932
-0.04157854027373096
-0.10147562348607424
-0.16100677275189493
-0.21995731120946585
-0.2781146557531474
-0.3352690836349829
-0.3912144887514815
-0.4457491248883234
-0.49867633324275246
-0.5498052516001186
-0.5989515026071901
-0.6459378586602335
-0.6905948810101925
-0.7327615307802704
-0.7722857496925096
-0.8090250084091939
-0.8428468205116879
-0.8736292202632362
-0.9012612024328527
-0.9256431225942391
-0.9466870564562017
-0.9643171169287782
-0.9784697277816927
-0.9890938529082913
-0.9961511803682048
-0.9996162605450567
-0.9994765979210014
-0.9957326961371449
-0.9883980561773497
-0.9774991276819787
-0.963075213567143
-0.9451783282934096
-0.9238730102950713
-0.8992360892463809
-0.8713564090040183
-0.8403345072248946
-0.8062822528146311
-0.7693224425141225
-0.7295883580789406
-0.6872232856484488
-0.6423799990378414
-0.5952202088164227
-0.5459139791588192
-0.49463911457203386
-0.4415805187098806
-0.3869295275869976
-0.33088321959695305
-0.27364370482260436
-0.21541739620154998
-0.15641426517494147
-0.09684708450388128
-0.03693066098390641
0.02311893917551396
0.0830851695130868
0.14275178420965332
0.20190361789798902
0.2603273615763663
0.31781233182781893
0.37415123057121996
0.4291408926044091
0.4825830182436353
0.534284888417324
0.5840600596354499
0.6317290363283685
0.6771199181305668
0.7200690197751465
0.7604214613636209
0.7980317268824393
0.8327641889521558
0.8644935979169321
0.8931055335106551
0.918496817470903
0.9405758856128237
0.9592631180211793
0.9744911261698403
0.9862049959333445
0.9943624856141849
0.9989341782717204
0.9999035878033875
0.9972672183956746
0.9910345771304667
0.9812281397013057
0.9678832693631935
0.9510480894082158
0.9307833096268595
0.9071620073808202
0.8802693640767841
0.8502023579914898
0.8170694145557836
0.7809900153587884
0.7420942672821643
0.7005224333182207
0.6564244267638064
0.6099592706139804
0.5612945241049564
0.510605678474283
0.45807552411722
0.4038934914214305
0.3482549676570176
0.29136059238529005
0.2334155339271003
0.17462874949990242
0.11521223169156894
0.055380243988277816
-0.004651451886747496
-0.06466637403733042
-0.1244481010554685
-0.18378105246433263
-0.24245126612876203
-0.30024716982981414
-0.35696034422097433
-0.412386274414708
-0.46632508748903956
-0.5185822732546157
-0.5689693856830763
-0.617304722467292
-0.6634139802628899
-0.7071308832481832
-0.7482977827358364
-0.7867662256739923
-0.8223974899867739
-0.8550630848236533
-0.8846452139137285
-0.9110372003539896
-0.9341438712997391
-0.9538819011699191
-0.9701801121297076
-0.9829797307668023
-0.9922346000357877
-0.9979113457062836
-0.9999894967146472
-0.9984615589852194
-0.9933330424549106
-0.984622441203671
-0.9723611667624966
-0.9565934348394706
-0.9373761058723225
-0.9147784799824903
-0.8888820470701078
-0.8597801929511072
-0.8275778625961426
-0.7923911816857393
-0.7543470378463851
-0.7135826230776849
-0.670244939020639
-0.6244902668511131
-0.5764836037101313
-0.5263980677032941
-0.47441427361497046
-0.42071968158851747
-0.36550792112126784
-0.3089780928120466
-0.2513340503792026
-0.19278366553828974
-0.1335380783903409
-0.07381093602393046
-0.013817622076722217
0.04622551996519866
0.1061019669293285
0.1655957967667201
0.22449246719422997
0.282579589361157
0.3396476937503228
0.3954909855516826
0.4499080867844599
0.5027027624916443
0.5536846283880921
0.6026698374103644
0.6494817426925152
0.6939515345770562
0.7359188493639546
0.7752323476024406
0.8117502598402285
0.8453408978621108
0.8758831295743366
0.9032668158222786
0.9273932075661695
0.9481753019826424
0.9655381562079285
0.9794191575913112
0.9897682494842734
0.9965481117511096
0.9997342953500602
0.9993153104996522
0.9952926681123053
0.9876808743457911
0.976507378292191
0.9618124729929951
0.9436491501372924
0.9220829089670312
0.8971915200784585
0.8690647449715042
0.8378040123584466
0.8035220523991338
0.766342490181754
0.726399399915115
0.6838368214400716
0.6388082408036216
0.5914760367687873
0.5420108952562367
0.49059119382924177
0.4374023584416007
0.3826361947681709
0.32649019652932
0.26916683330356495
0.2108728203966364
0.15181837339991294
0.0922164501263827
0.03228198265780602
-0.02776889772758464
-0.08771963995183929
-0.1473540540478959
-0.20645709076797425
-0.26481561707839174
-0.32221918474427014
-0.37846078923250925
-0.43333761619635364
-0.4866517728495987
-0.538211001593036
-0.5878293733196981
-0.6353279578987597
-0.6805354694202445
-0.7232888838737035
-0.7634340270334381
-0.8008261304302785
-0.8353303534050129
-0.8668222693608779
-0.8951883144616204
-0.9203261971570693
-0.9421452670594178
-0.9605668418399992
-0.9755244909677258
-0.9869642752659957
-0.9948449414241931
-0.9991380707623488
-0.9998281817124997
-0.9969127856471813
-0.9904023958537356
-0.9803204896220635
-0.966703423582547
-0.9496003025994352
-0.9290728026924872
-0.9051949486254356
-0.8780528469633162
-0.8477443755612918
-0.8143788306047138
-0.7780765324732397
-0.7389683918503098
-0.697195437642647
-0.652908308412164
-0.6062667091542346
-0.5574388353812613
-0.5066007665883601
-0.45393583128840775
-0.39963394590621254
-0.34389092991583975
-0.2869077996907951
-0.22889004361353044
-0.17004688105831864
-0.11059050791970014
-0.05073533140722013
0.009302803134115958
0.0693073905894856
0.1290620468191058
0.1883512889668384
0.24696131251865244
0.30468076230877245
0.36130149469316664
0.41661932814188124
0.47043477954348983
0.5225537835664503
0.572788392483262
0.6209574539337677
0.6668872641835007
0.7104121945213452
0.7513752885376386
0.7896288281288583
0.8250348661878059
0.8574657240583419
0.8868044519607854
0.9129452507276277
0.935793853328725
0.9552678648101457
0.9712970594208058
0.9838236338554194
0.992802415700536
0.9982010263319827
0.9999999976762833
0.9981928424149952
0.9927860773788016
0.9837992000469952
0.9712646182370986
0.9552275332381714
0.9357457768092388
0.9128896026306458
0.8867414329603915
0.8573955614090304
0.8249578129049739
0.7895451620763997
0.7512853114259318
0.7103162308192474
0.6667856599482721
0.6208505755631448
0.5726766253941818
0.5224375308051873
0.47031446033222024
0.4164953763669151
0.3611743573402984
0.304550897851394
0.2468291892644397
0.1882173833689747
0.12892684175813138
0.06917137363196917
0.00916646477442796
-0.05087149951569231
-0.11072601473751656
-0.1701812379307372
-0.22902276603265775
-0.28703840904278327
-0.3440189552068285
-0.39975892546079284
-0.4540573144144816
-0.5067183152023933
-0.5575520255880686
-0.6063751327755987
-0.6530115744587781
-0.6972931737240725
-0.739060245517862
-0.7781621724909636
-0.8144579481438621
-0.847816685314001
-0.8781180881714628
-0.9052528860209624
-0.9291232273458102
-0.9496430326728702
-0.9667383049860389
-0.9803473965688548
-0.9904212313139693
-0.9969234816978032
-0.9998306997821967
-0.9991324017706431
-0.9948311058141863
-0.9869423229306494
-0.9754945010699406
-0.9605289225271437
-0.9420995550733354
-0.9202728573409694
-0.8951275391656335
-0.8667542777484164
-0.8352553906624399
-0.8007444668827352
-0.7633459571700166
-0.7231947252854821
-0.6804355616550142
-0.6352226612365717
-0.5877190674736481
-0.5380960843399712
-0.4865326585956839
-0.43321473448266984
-0.3783345831860746
-0.3220901094800675
-0.2646841380581683
-0.20632368212172233
-0.14721919686408527
-0.08758382054254958
-0.027632605874802377
0.03241825546840325
0.09235221247778584
0.15195313571589342
0.21100609670722
0.2692981429975011
0.32661906608722663
0.3827621594701056
0.43752496404289937
0.4907099981985857
0.5421254699700245
0.5915859686560944
0.6389131334361432
0.6839362965616941
0.7264930988059549
0.7664300749517473
0.8036032072065105
0.837878444548696
0.869132186132724
0.8972517270092824
0.9221356645536436
0.9436942641363685
0.961849782717742
0.9765367491990175
0.9877022005194882
0.9953058726479905
0.999320345780098
0.9997311432174079
0.9965367835723485
0.9897487861102505
0.9793916292094175
0.9655026620889946
0.9481319701229552
0.9273421942259014
0.9032083049619938
0.8758173321916054
0.8452680512306262
0.8116706266541671
0.7751462150291542
0.7358265280084076
0.6938533573617462
0.6493780636569113
0.602561030434196
0.5535710858430917
0.5025848938266053
0.44978631704871247
0.3953657538623114
0.3395194517086558
0.2824487994242337
0.22435960100712443
0.1654613334617241
0.10596639139814476
0.04608932111035838
-0.013953953104903796
-0.07394690759850431
-0.1336732001805932
-0.19291745027793655
-0.2514660156235337
-0.3091077626776823
-0.36563482800225466
-0.42084336784257437
-0.47453429321380497
-0.5265139878410365
-0.576595006364088
-0.6245967502892087
-0.6703461192501133
-0.7136781352298198
-0.7544365374922668
-0.7924743460783127
-0.8276543918340785
-0.8598498110602837
-0.8889445029988088
-0.914833548506729
-0.9374235884080281
-0.9566331601586073
-0.9723929916105339
-0.9846462508161775
-0.9933487509714088
-0.9984691097588099
-0.9999888625162845
-0.9979025288229673
-0.9922176322623152
-0.9829546732911134
-0.9701470553122319
-0.9538409642177261
-0.9340952018366615
-0.9109809738882736
-0.8845816332051285
-0.8549923791522548
-0.82231991432618
-0.7866820597718575
-0.7482073301050602
-0.7070344700724049
-0.6633119542202286
-0.6171974514765753
-0.5688572565770791
-0.518465690385091
-0.466204471268576
-0.41226205980066827
-0.356832979146984
-0.3001171135904562
-0.24231898772330243
-0.18364702890544982
-0.12431281564908507
-0.06453031463975083
-0.0045151091453864214
0.05551637840423213
0.11534766686417605
0.17476299703278192
0.233548109706651
0.2914910183264649
0.34838277342735907
0.4040182161371487
0.4581967180051982
0.5107229044940162
0.5614073595245781
0.6100673085346776
0.6565272775871582
0.7006197261511357
0.7421856512743683
0.7810751609680351
0.8171480147362253
0.8502741293009239
0.8803340476987819
0.9072193700580506
0.9308331445022455
0.9510902167708871
0.9679175372965463
0.9812544246308337
0.9910527842693857
0.9972772820867365
0.9999054717556483
0.9989278756914095
0.9943480192292051
0.9861824179113117
0.9744605179299606
0.9592245899406409
0.9405295766287635
0.9184428945793807
0.893044191164445
0.8644250573243015
0.8326886972791597
0.797949556361609
0.7603329083122585
0.7199744035267672
0.677019579883342
0.6316233379147219
0.5839493822172441
0.5341696311113422
0.48246359668231614
0.4290177374370231
0.3740247859108939
0.31768305365000765
0.2601957160745474
0.20177007980251016
0.14261683507579456
0.08294929598451224
0.02298263122937022
-0.037066911803907046
-0.09698278686003063
-0.15654892970736145
-0.21555053729288629
-0.27377484234922406
-0.3310118806603313
-0.3870552482190497
-0.44170284554608924
-0.4947576064863395
-0.5460282088543761
-0.5953297643664854
-0.6424844853712254
-0.6873223259742064
-0.7296815952451171
-0.7694095402956916
-0.8063628971259648
-0.8404084072523954
-0.8714232982548304
-0.8992957265093966
-0.9239251805107693
-0.9452228433293867
-0.9631119128965431
-0.9775278789623734
-0.9884187557279815
-0.9957452693128135
-0.9994809993812435
-0.9996124744176491
-0.9961392203064026
-0.9890737620415914
-0.9784415785603043
-0.9642810108623577
-0.9466431237477962
-0.9255915216707576
-0.9012021193737586
-0.8735628681295213
-0.8427734385775477
-0.808944861299174
-0.7721991264272363
-0.7326687437342064
-0.6904962647851738
-0.6458337688788537
-0.5988423146303801
-0.5496913591735475
-0.49855814707693075
-0.44562707117752914
-0.3910890076368495
-0.3351406276173002
-0.27798368806107804
-0.21982430412908982
-0.1608722059235846
-0.10133998217485055
-0.041442313619336694
0.018604801166264267
0.07858482468323198
0.13828146137245545
0.19747943760360528
0.25596527797910124
0.313528075153425
0.3699602503917117
0.4250583021249505
0.4786235398024083
0.5304628003949129
0.5803891449651933
0.6282225327933564
0.6737904706265188
0.7169286347113166
0.7574814633661661
0.7953027179563831
0.8302560102492162
0.8622152942470825
0.8910653207253939
0.9167020528358533
0.9390330412765019
0.9579777576756077
0.9734678849871697
0.9854475638508362
0.9938735940278298
0.9987155901864794
0.9999560914755725
0.9975906244903957
0.9916277194043989
0.9820888792083091
0.969008502167624
0.9524337577781107
0.9324244166666318
0.9090526350506976
0.8824026945340089
0.8525706981763238
0.8196642239336556
0.7838019367185425
0.7451131604793488
0.7037374118417324
0.6598238969940284
0.613530973630842
0.5650255798951515
0.5144826323782281
0.46208439534826123
0.4080198234823295
0.3524838804719115
0.2956768359591289
0.23780354333906012
0.17907270103246042
0.11969609989283236
0.059887859461792564
-0.00013634417310600844
-0.06016005613365328
-0.11996682331467916
-0.17934097494135673
-0.23806840030532328
-0.2959373208750039
-0.35273905399581074
-0.40826876542621726
-0.4623262079959683
-0.5147164437227301
-0.5652505467831361
-0.6137462848032273
-0.6600287760114655
-0.7039311198845438
-0.745294999011806
-0.7839712500078742
-0.8198204014147029
-0.8527131766533159
-0.8825309602115179
-0.9091662253864502
-0.9325229220394953
-0.9525168229652382
-0.9690758276254338
-0.9821402221526757
-0.9916628946861642
-0.9976095052630402
-0.9999586096526392
-0.9987017366871032
-0.9938434188094833
-0.9854011757291774
-0.9734054512436388
-0.9578995034541887
-0.9389392487718254
-0.9165930602755666
-0.8909415211504694
-0.8620771340944622
-0.8301039877419033
-0.7951373813067871
-0.7573034087991796
-0.7167385043142522
-0.6735889500336615
-0.6280103487134794
-0.5801670625609542
-0.53023162052358
-0.47838409612786814
-0.42481145811141047
-0.36970689618993857
-0.31326912439074844
-0.25570166446475834
-0.1972121119613059
-0.13801138761231285
-0.07831297672542036
-0.018332159328939245
0.04171476615518946
0.10161126291089048
0.1611413365871296
0.22009031420089145
0.27824561827513683
0.33539753342010015
0.3913399625935379
0.44587117031275775
0.4987945101383116
0.5499191338059544
0.599060679449649
0.6460419364337985
0.6906934843972343
0.7328543042044908
0.7723723586011942
0.8091051404796524
0.8429201867775283
0.8736955561564147
0.9013202687377396
0.9256947063102602
0.9467309715659459
0.9643532050687994
0.9784978588135888
0.9891139253879995
0.9961631219118218
0.9996200280898642
0.9994721778807558
0.995720104451071
0.9883773382526617
0.9774703582301364
0.9630384963344322
0.9451337956868204
0.9238208229048215
0.8991764352668075
0.8712895035549245
0.840260591575801
0.8062015935147272
0.7692353304310563
0.7294951073499132
0.687124232547396
0.642275500762787
0.5951106422013775
0.5457997393148699
0.49452061346252196
0.4414581836648109
0.386803799762032
0.3307545523825472
0.2735125622090245
0.21528425110566518
0.15627959773482547
0.09671138034737396
0.03679440947737818
-0.023255246691879224
-0.08322104149712665
-0.14288673068978913
-0.20203715224012822
-0.26045900223876384
-0.3179416040975786
-0.3742776682761693
-0.4292640397941753
-0.48270243083386
-0.5344001357910876
-0.5841707261961305
-0.6318347229983364
-0.6772202437903088
-0.7201636226376308
-0.7605100002789473
-0.798113882568069
-0.8328396651442843
-0.8645621224388544
-0.8931668592542688
-0.9185507232878118
-0.9406221771118269
-0.9593016282692702
-0.9745217162941886
-0.9862275556220884
-0.9943769335142304
-0.9989404622821106
-0.9999016852631856
-0.997257136165681
-0.9910163515684797
-0.9812018365310095
-0.9678489834371502
-0.951005944365816
-0.9307334574484623
-0.9071046278396928
-0.8802046640908168
-0.8501305708770238
-0.8169907991862433
-0.7809048552311498
-0.7420028694946303
-0.7004251274627854
-0.6563215637377048
-0.6098512213543082
-0.5611816782510249
-0.5104884429625293
-0.45795432171374306
-0.40376875919744315
-0.3481271554127124
-0.29123016102780275
-0.23328295380842046
-0.1744944987207245
-0.11507679437720067
-0.055244108542823064
0.0047877945416357655
0.06480243223277579
0.12458338414839133
0.18391507260677112
0.24258354002711371
0.30037722048765386
0.3570877026591637
0.4125104813625935
0.46644569504064076
0.518698846483831
0.5690815042120814
0.6174119819824753
0.6635159939728593
0.7072272832785842
0.7483882214559536
0.7868503769503503
0.8224750503592154
0.8551337745996589
0.8847087781770113
0.9110934098837682
0.9341925233973322
0.9539228203897027
0.9702131509117943
0.9830047699691608
0.9922515493638836
0.9979201440386941
0.9999901123234716
0.9984539896504941
0.9933173154726154
0.9845986132872951
0.9723293238385233
0.9565536917375156
0.9373286059110436
0.9147233944527619
0.8888195746173247
0.859710558858844
0.8275013179737528
0.7923080025628226
0.7542575241773906
0.7134870976602367
0.670143746331487
0.624383771803907
0.5763721903394952
0.5262821377799487
0.47429424519689783
0.4205959875133905
0.3653810074455828
0.308848417202587
0.251202080462635
0.19264987721484247
0.13340295411764777
0.07367496307722743
0.013681290791671172
-0.04636171796072237
-0.10623754048810848
-0.16573025699333785
-0.22462532920808376
-0.282710374045001
-0.33977592947802965
-0.3956162098889817
-0.45002984815653585
-0.5028206218115726
-0.5537981606402426
-0.602778633183061
-0.6495854096544266
-0.6940496988919919
-0.736011157038966
-0.7753184657643644
-0.8118298779360688
-0.8454137287789332
-0.8759489106746338
-0.903325309891074
-0.9274442036664448
-0.9482186162160035
-0.9655736323777653
-0.9794466677660637
-0.9897876944587682
-0.9965594214043068
-0.9997374288979183
-0.9993102566422009
-0.9952794450743945
-0.9876595298113696
-0.9764779892323526
-0.9617751453884106
-0.94360401859603
-0.9220301362391431
-0.8971312964690832
-0.8689972876546023
-0.8377295645936439
-0.8034408826544962
-0.7662548911656579
-0.7263056875207038
-0.6837373336061048
-0.638703336295825
-0.5913660938860985
-0.5418963104666108
-0.4904723803399383
-0.4372797447091055
-0.382510222953128
-0.32636132090204417
-0.2690355186058857
-0.21073954016597976
-0.15168360826166583
-0.09208068606069678
-0.03214570924709178
0.027905189064154044
0.0878554577304478
0.14748890849243743
0.20659049557624734
0.2649470911757668
0.3223482540185039
0.37858698824345866
0.43346048985440655
0.4867708780567867
0.5383259088409016
0.5879396682381566
0.6354332427503703
0.6806353645345017
0.7233830290161772
0.7635220827048245
0.8009077790906773
0.8354053006190171
0.8668902448593444
0.8952490731162949
0.9203795198645502
0.9421909615312707
0.9606047432961728
0.9755544627307705
0.9869862092539391
0.9948587585402974
0.999143721180344
0.9998256450562629
0.9969020710642164
0.990383541982185
0.9802935644513755
0.9666685242082961
0.9495575548731835
0.9290223607679482
0.9051369944025759
0.8779875894324012
0.8476720500492404
0.8142996979264799
0.7779908779912804
0.7388765244455321
0.6970976886005442
0.6528050302281582
0.6061582742625339
0.5573256348118145
0.5064832085567533
0.4538143397237877
0.3995089589225436
0.3437628982320102
0.2867771850052674
0.2287573169393982
0.16991252102477386
0.11045499904603563
0.050599162355591656
-0.009439141320867322
-0.06944340625859612
-0.12919724948085118
-0.18848519106330183
-0.2470934311819202
-0.3048106211022167
